7 2.074029e+18
14 2.030135e+18
21 2.014707e+18
28 1.998582e+18
35 1.981942e+18
42 1.964999e+18
49 1.947988e+18
56 1.931183e+18
63 1.914880e+18
70 1.899023e+18
77 1.883840e+18
84 1.870096e+18
91 1.858298e+18
98 1.848758e+18
105 1.841772e+18
112 1.837618e+18
119 1.836505e+18
126 1.838401e+18
133 1.842952e+18
140 1.850274e+18
147 1.860583e+18
154 1.873597e+18
161 1.889178e+18
168 1.907235e+18
175 1.927522e+18
182 1.949757e+18
189 1.973631e+18
196 1.998822e+18
203 2.025005e+18
210 2.051862e+18
217 2.079100e+18
224 2.106455e+18
231 2.133704e+18
238 2.160668e+18
245 2.187221e+18
252 2.213291e+18
259 2.238859e+18
266 2.263956e+18
273 2.288660e+18
280 2.313095e+18
287 2.337422e+18
294 2.361834e+18
301 2.386554e+18
308 2.411848e+18
315 2.437938e+18
322 2.465006e+18
329 2.493273e+18
336 2.522941e+18
343 2.554164e+18
350 2.587056e+18
357 2.621677e+18
364 2.658034e+18
371 2.696077e+18
378 2.735709e+18
385 2.776785e+18
392 2.819125e+18
399 2.862522e+18
406 2.906754e+18
413 2.951585e+18
420 2.995463e+18
427 3.038299e+18
434 3.081499e+18
441 3.125053e+18
448 3.168977e+18
455 3.213050e+18
462 3.256880e+18
469 3.300278e+18
476 3.343001e+18
483 3.384474e+18
490 3.423990e+18
497 3.461048e+18
504 3.494843e+18
511 3.525505e+18
518 3.553659e+18
525 3.579176e+18
532 3.601969e+18
539 3.622008e+18
546 3.639326e+18
553 3.654011e+18
560 3.666212e+18
567 3.676128e+18
574 3.684004e+18
581 3.690125e+18
588 3.694808e+18
595 3.698400e+18
602 3.701264e+18
609 3.703772e+18
616 3.706337e+18
623 3.709384e+18
630 3.713331e+18
637 3.718594e+18
644 3.725629e+18
651 3.734954e+18
658 3.746912e+18
665 3.761745e+18
672 3.779767e+18
679 3.801272e+18
686 3.826510e+18
693 3.855701e+18
700 3.889027e+18
707 3.926613e+18
714 3.968500e+18
721 4.014696e+18
728 4.065025e+18
735 4.118941e+18
742 4.176315e+18
749 4.237279e+18
756 4.301587e+18
763 4.368888e+18
770 4.438789e+18
777 4.510920e+18
784 4.584905e+18
791 4.660378e+18
798 4.736991e+18
805 4.814428e+18
812 4.892390e+18
819 4.970593e+18
826 5.048792e+18
833 5.126761e+18
840 5.204332e+18
847 5.281322e+18
854 5.357489e+18
861 5.432621e+18
868 5.506535e+18
875 5.579057e+18
882 5.650017e+18
889 5.719261e+18
896 5.786650e+18
903 5.852067e+18
910 5.915419e+18
917 5.976640e+18
924 6.035695e+18
931 6.092587e+18
938 6.147344e+18
945 6.200025e+18
952 6.250735e+18
959 6.299611e+18
966 6.346805e+18
973 6.392489e+18
980 6.436856e+18
987 6.480099e+18
994 6.522431e+18
1001 6.564087e+18
1008 6.605300e+18
1015 6.646306e+18
1022 6.687340e+18
1029 6.728634e+18
1036 6.770422e+18
1043 6.812933e+18
1050 6.856441e+18
1057 6.901159e+18
1064 6.947994e+18
1071 6.997512e+18
1078 7.048987e+18
1085 7.102073e+18
1092 7.156959e+18
1099 7.213821e+18
1106 7.272833e+18
1113 7.334172e+18
1120 7.397996e+18
1127 7.464466e+18
1134 7.533745e+18
1141 7.605984e+18
1148 7.681316e+18
1155 7.760249e+18
1162 7.843398e+18
1169 7.930337e+18
1176 8.020413e+18
1183 8.113474e+18
1190 8.209331e+18
1197 8.307748e+18
1204 8.408448e+18
1211 8.511110e+18
1218 8.615379e+18
1225 8.720870e+18
1232 8.827174e+18
1239 8.933869e+18
1246 9.040515e+18
1253 9.146683e+18
1260 9.251820e+18
1267 9.353543e+18
1274 9.451198e+18
1281 9.546061e+18
1288 9.637827e+18
1295 9.726463e+18
1302 9.812176e+18
1309 9.895030e+18
1316 9.975078e+18
1323 1.005237e+19
1330 1.012693e+19
1337 1.019880e+19
1344 1.026798e+19
1351 1.033450e+19
1358 1.039839e+19
1365 1.045964e+19
1372 1.051829e+19
1379 1.057415e+19
1386 1.062707e+19
1393 1.067721e+19
1400 1.072477e+19
1407 1.076981e+19
1414 1.081235e+19
1421 1.085239e+19
1428 1.088991e+19
1435 1.092489e+19
1442 1.095725e+19
1449 1.098698e+19
1456 1.101414e+19
1463 1.103880e+19
1470 1.106098e+19
1477 1.108032e+19
1484 1.109685e+19
1491 1.111094e+19
1498 1.112262e+19
1505 1.113207e+19
1512 1.113927e+19
1519 1.114426e+19
1526 1.114646e+19
1533 1.114539e+19
1540 1.114176e+19
1547 1.113602e+19
1554 1.112866e+19
1561 1.112016e+19
1568 1.111069e+19
1575 1.110044e+19
1582 1.108956e+19
1589 1.107818e+19
1596 1.106639e+19
1603 1.105429e+19
1610 1.104194e+19
1617 1.102937e+19
1624 1.101663e+19
1631 1.100373e+19
1638 1.099066e+19
1645 1.097740e+19
1652 1.096385e+19
1659 1.094984e+19
1666 1.093546e+19
1673 1.092057e+19
1680 1.090501e+19
1687 1.088888e+19
1694 1.087208e+19
1701 1.085465e+19
1708 1.083666e+19
1715 1.081804e+19
1722 1.079874e+19
1729 1.077872e+19
1736 1.075795e+19
1743 1.073638e+19
1750 1.071398e+19
1757 1.069071e+19
1764 1.066652e+19
1771 1.064139e+19
1778 1.061528e+19
1785 1.058816e+19
1792 1.056000e+19
1799 1.053077e+19
1806 1.050046e+19
1813 1.046903e+19
1820 1.043645e+19
1827 1.040272e+19
1834 1.036781e+19
1841 1.033170e+19
1848 1.029439e+19
1855 1.025587e+19
1862 1.021612e+19
1869 1.017516e+19
1876 1.013299e+19
1883 1.008963e+19
1890 1.004510e+19
1897 9.999422e+18
1904 9.952642e+18
1911 9.904804e+18
1918 9.855963e+18
1925 9.806183e+18
1932 9.755536e+18
1939 9.704099e+18
1946 9.651953e+18
1953 9.599183e+18
1960 9.545873e+18
1967 9.492105e+18
1974 9.437956e+18
1981 9.383493e+18
1988 9.328777e+18
1995 9.273857e+18
2002 9.218774e+18
2009 9.163555e+18
2016 9.108222e+18
2023 9.052788e+18
2030 8.997260e+18
2037 8.941647e+18
2044 8.885954e+18
2051 8.830193e+18
2058 8.774382e+18
2065 8.718545e+18
2072 8.662717e+18
2079 8.606943e+18
2086 8.551277e+18
2093 8.495780e+18
2100 8.440522e+18
2107 8.385576e+18
2114 8.331018e+18
2121 8.276923e+18
2128 8.223362e+18
2135 8.170401e+18
2142 8.118096e+18
2149 8.066496e+18
2156 8.015637e+18
2163 7.965543e+18
2170 7.916222e+18
2177 7.867668e+18
2184 7.819859e+18
2191 7.772755e+18
2198 7.726296e+18
2205 7.680405e+18
2212 7.634983e+18
2219 7.589909e+18
2226 7.545042e+18
2233 7.500217e+18
2240 7.455246e+18
2247 7.409921e+18
2254 7.364014e+18
2261 7.317277e+18
2268 7.269451e+18
2275 7.220265e+18
2282 7.169446e+18
2289 7.116720e+18
2296 7.061831e+18
2303 7.004549e+18
2310 6.944681e+18
2317 6.882090e+18
2324 6.816708e+18
2331 6.748551e+18
2338 6.677735e+18
2345 6.604479e+18
2352 6.529113e+18
2359 6.452070e+18
2366 6.373878e+18
2373 6.295131e+18
2380 6.216467e+18
2387 6.138085e+18
2394 6.060416e+18
2401 5.984413e+18
2408 5.910736e+18
2415 5.839857e+18
2422 5.772141e+18
2429 5.707843e+18
2436 5.647112e+18
2443 5.589997e+18
2450 5.536462e+18
2457 5.486403e+18
2464 5.439659e+18
2471 5.396033e+18
2478 5.355301e+18
2485 5.317236e+18
2492 5.281594e+18
2499 5.248123e+18
2506 5.216580e+18
2513 5.186728e+18
2520 5.157868e+18
2527 5.129695e+18
2534 5.102430e+18
2541 5.075905e+18
2548 5.049893e+18
2555 5.024166e+18
2562 4.998492e+18
2569 4.972633e+18
2576 4.946333e+18
2583 4.919315e+18
2590 4.891451e+18
2597 4.862790e+18
2604 4.833183e+18
2611 4.802352e+18
2618 4.770140e+18
2625 4.736418e+18
2632 4.701078e+18
2639 4.664044e+18
2646 4.625280e+18
2653 4.584808e+18
2660 4.542653e+18
2667 4.498893e+18
2674 4.453744e+18
2681 4.407501e+18
2688 4.360448e+18
2695 4.312857e+18
2702 4.265036e+18
2709 4.219830e+18
2716 4.175581e+18
2723 4.129193e+18
2730 4.082282e+18
2737 4.035485e+18
2744 3.989219e+18
2751 3.894597e+18
2758 3.818761e+18
2765 1.907294e+18
